# Input Size Time(ms)
1 5
2 0
3 0
4 1
5 1
6 2
7 1
8 2
9 2
10 2
11 4
12 2
13 3
14 4
15 4
16 4
17 5
18 5
19 4
20 9
21 8
22 8
23 9
24 6
25 7
26 6
27 7
28 8
29 9
30 8
31 9
32 11
33 10
34 10
35 11
36 8
37 9
38 10
39 13
40 13
41 13
42 12
43 14
44 11
45 10
46 15
47 12
48 11
49 14
50 14
51 16
52 18
53 14
54 14
55 14
56 15
57 16
58 15
59 20
60 16
61 23
62 16
63 15
64 19
65 18
66 16
67 20
68 17
69 16
70 16
71 19
72 22
73 22
74 22
75 22
76 21
77 18
78 22
79 27
80 26
81 30
82 28
83 24
84 25
85 24
86 27
87 26
88 26
89 31
90 28
91 23
92 30
93 28
94 36
95 40
96 38
97 35
98 31
99 33
100 39
