# Input Size Time(ms)
1 0
2 0
3 0
4 0
5 0
6 0
7 0
8 0
9 0
10 1
11 1
12 1
13 1
14 1
15 1
16 1
17 1
18 2
19 2
20 2
21 3
22 3
23 3
24 2
25 3
26 4
27 4
28 3
29 4
30 4
31 3
32 3
33 5
34 5
35 4
36 5
37 4
38 6
39 6
40 5
41 7
42 4
43 6
44 5
45 5
46 8
47 6
48 6
49 7
50 5
51 7
52 8
53 8
54 9
55 8
56 7
57 7
58 12
59 10
60 9
61 8
62 7
63 7
64 10
65 9
66 9
67 8
68 10
69 8
70 8
71 11
72 11
73 12
74 10
75 12
76 11
77 12
78 11
79 14
80 14
81 13
82 17
83 15
84 15
85 13
86 12
87 15
88 13
89 15
90 14
91 13
92 12
93 21
94 15
95 18
96 28
97 18
98 17
99 16
100 14
