# Input Size Time(ms)
1 8
2 1
3 0
4 1
5 1
6 2
7 2
8 2
9 2
10 3
11 3
12 3
13 4
14 4
15 4
16 4
17 6
18 5
19 6
20 6
21 7
22 7
23 7
24 7
25 7
26 8
27 8
28 10
29 8
30 9
31 9
32 10
33 12
34 11
35 11
36 10
37 11
38 12
39 12
40 13
41 13
42 13
43 14
44 13
45 14
46 15
47 15
48 14
49 16
50 15
51 15
52 17
53 17
54 19
55 20
56 16
57 16
58 16
59 20
60 19
61 19
62 20
63 21
64 21
65 21
66 21
67 22
68 21
69 24
70 24
71 25
72 25
73 25
74 24
75 27
76 25
77 27
78 28
79 29
80 27
81 29
82 30
83 28
84 26
85 26
86 31
87 30
88 31
89 31
90 32
91 30
92 30
93 29
94 36
95 31
96 34
97 34
98 36
99 34
100 34
