# Input Size Time(ms)
1 0
2 0
3 0
4 0
5 0
6 0
7 0
8 0
9 1
10 1
11 1
12 1
13 1
14 1
15 1
16 2
17 2
18 2
19 2
20 2
21 3
22 3
23 3
24 3
25 3
26 3
27 4
28 4
29 3
30 4
31 3
32 5
33 6
34 5
35 5
36 4
37 5
38 5
39 5
40 6
41 6
42 5
43 7
44 6
45 6
46 7
47 7
48 7
49 8
50 6
51 7
52 8
53 9
54 10
55 11
56 8
57 7
58 7
59 11
60 9
61 9
62 9
63 10
64 11
65 11
66 11
67 10
68 11
69 11
70 12
71 13
72 13
73 12
74 11
75 14
76 13
77 14
78 14
79 16
80 14
81 42
82 17
83 13
84 14
85 14
86 16
87 15
88 17
89 16
90 18
91 15
92 15
93 16
94 16
95 16
96 17
97 19
98 21
99 18
100 18
